955 2865
217 651
374 1122
244 732
797 2391
168 504
511 1533
501 1503
999 2997
321 963
148 444
381 1143
881 2643
986 2958
352 1056
329 987
61 183
971 2913
874 2622
77 231
82 246
86 258
708 2124
559 1677
288 864
274 822
757 2271
602 1806
198 594
716 2148
78 234
117 351
319 957
753 2259
48 144
963 2889
50 150
896 2688
123 369
968 2904
58 174
391 1173
405 1215
108 324
65 195
151 453
589 1767
178 534
415 1245
628 1884
244 732
257 771
538 1614
261 783
874 2622
936 2808
745 2235
224 672
983 2949
744 2232
356 1068
462 1386
918 2754
204 612
912 2736
162 486
939 2817
864 2592
390 1170
288 864
653 1959
32 96
39 117
440 1320
299 897
446 1338
48 144
667 2001
98 294
421 1263
274 822
203 609
107 321
739 2217
805 2415
19 57
135 405
36 108
176 528
51 153
627 1881
362 1086
901 2703
635 1905
184 552
606 1818
57 171
237 711
447 1341
607 1821
32 96
193 579
691 2073
348 1044
177 531
633 1899
656 1968
424 1272
955 2865
757 2271
914 2742
788 2364
767 2301
29 87
999 2997
895 2685
118 354
51 153
675 2025
191 573
393 1179
802 2406
802 2406
936 2808
887 2661
587 1761
942 2826
546 1638
858 2574
349 1047
824 2472
637 1911
481 1443
96 288
201 603
1000 3000
462 1386
717 2151
965 2895
1 3
132 396
706 2118
715 2145
830 2490
764 2292
765 2295
815 2445
910 2730
683 2049
696 2088
445 1335
875 2625
496 1488
990 2970
783 2349
601 1803
110 330
226 678
13 39
563 1689
176 528
257 771
547 1641
111 333
37 111
4 12
129 387
774 2322
50 150
672 2016
295 885
909 2727
327 981
795 2385
719 2157
341 1023
768 2304
753 2259
614 1842
761 2283
109 327
205 615
510 1530
165 495
131 393
186 558
292 876
650 1950
91 273
297 891
645 1935
961 2883
271 813
817 2451
409 1227
289 867
631 1893
288 864
331 993
641 1923
604 1812
116 348
501 1503
172 516
697 2091
693 2079
993 2979
845 2535
686 2058
813 2439
45 135
936 2808
33 99
463 1389
944 2832
538 1614
829 2487
402 1206
943 2829
242 726
641 1923
22 66
279 837
82 246
738 2214
227 681
882 2646
982 2946
772 2316
45 135
772 2316
875 2625
506 1518
312 936
790 2370
568 1704
438 1314
705 2115
593 1779
695 2085
426 1278
606 1818
559 1677
662 1986
252 756
997 2991
596 1788
459 1377
930 2790
560 1680
466 1398
220 660
727 2181
184 552
829 2487
954 2862
853 2559
877 2631
680 2040
274 822
127 381
451 1353
340 1020
225 675
535 1605
295 885
613 1839
870 2610
915 2745
350 1050
144 432
498 1494
364 1092
687 2061
433 1299
6 18
345 1035
95 285
829 2487
60 180
485 1455
629 1887
913 2739
617 1851
489 1467
550 1650
438 1314
101 303
904 2712
106 318
467 1401
333 999
62 186
200 600
268 804
364 1092
130 390
848 2544
169 507
445 1335
538 1614
76 228
269 807
384 1152
174 522
269 807
555 1665
230 690
882 2646
145 435
520 1560
171 513
278 834
567 1701
374 1122
400 1200
692 2076
721 2163
639 1917
380 1140
38 114
465 1395
800 2400
663 1989
468 1404
273 819
649 1947
512 1536
712 2136
961 2883
694 2082
168 504
120 360
17 51
127 381
944 2832
832 2496
543 1629
870 2610
24 72
447 1341
236 708
34 102
637 1911
299 897
721 2163
501 1503
68 204
74 222
43 129
131 393
456 1368
130 390
234 702
614 1842
856 2568
134 402
33 99
256 768
42 126
291 873
888 2664
702 2106
916 2748
100 300
544 1632
885 2655
886 2658
896 2688
487 1461
235 705
356 1068
999 2997
647 1941
718 2154
768 2304
641 1923
803 2409
835 2505
576 1728
306 918
68 204
247 741
643 1929
421 1263
745 2235
96 288
579 1737
450 1350
430 1290
446 1338
284 852
153 459
460 1380
172 516
901 2703
1000 3000
106 318
996 2988
561 1683
464 1392
908 2724
141 423
10 30
601 1803
743 2229
792 2376
901 2703
115 345
416 1248
861 2583
294 882
638 1914
511 1533
550 1650
734 2202
827 2481
783 2349
322 966
695 2085
864 2592
26 78
952 2856
252 756
461 1383
411 1233
715 2145
311 933
801 2403
55 165
199 597
809 2427
769 2307
914 2742
110 330
930 2790
143 429
254 762
478 1434
835 2505
85 255
772 2316
893 2679
172 516
502 1506
268 804
491 1473
632 1896
862 2586
948 2844
808 2424
506 1518
490 1470
962 2886
228 684
304 912
257 771
77 231
565 1695
58 174
605 1815
125 375
10 30
740 2220
195 585
815 2445
706 2118
347 1041
620 1860
999 2997
42 126
502 1506
602 1806
270 810
965 2895
131 393
94 282
48 144
917 2751
610 1830
825 2475
900 2700
472 1416
508 1524
904 2712
486 1458
88 264
808 2424
50 150
372 1116
366 1098
569 1707
778 2334
297 891
232 696
418 1254
888 2664
246 738
214 642
633 1899
